# Blender v2.82 (sub 7) OBJ File: ''
# www.blender.org
mtllib room.mtl
o Cube_Cube.001
v -84.467682 0.282490 48.970673
v -84.467682 0.282466 -94.824318
v 76.379585 0.282466 -94.824303
v 76.379547 0.282490 48.970703
v -84.467720 -3.355647 48.970642
v -84.467628 -3.355671 -94.824364
v 76.379608 -3.355671 -94.824295
v 76.379570 -3.355647 48.970680
vn 0.0000 1.0000 -0.0000
vn -0.0000 -1.0000 0.0000
vn -1.0000 0.0000 -0.0000
vn 0.0000 0.0000 -1.0000
vn 1.0000 0.0000 0.0000
vn -0.0000 -0.0000 1.0000
usemtl Material.001
s 1
f 1//1 4//1 3//1 2//1
f 5//2 6//2 7//2 8//2
f 1//3 2//3 6//3 5//3
f 2//4 3//4 7//4 6//4
f 3//5 4//5 8//5 7//5
f 5//6 8//6 4//6 1//6
o Cube.002
v 78.904320 -92.804428 51.128136
v 79.349159 -3.033405 52.303806
v -85.139008 -2.196407 50.629238
v -85.583809 -91.967438 49.453568
v 78.941635 -92.756943 47.489918
v 79.386383 -2.985916 48.665588
v -85.101753 -2.148952 46.991020
v -85.546555 -91.919968 45.815350
vn -0.0102 -0.0130 0.9999
vn 0.0102 0.0130 -0.9999
vn 0.9999 -0.0051 0.0102
vn 0.0050 0.9999 0.0131
vn -0.9999 0.0051 -0.0102
vn -0.0050 -0.9999 -0.0131
usemtl Material.002
s 1
f 9//7 10//7 11//7 12//7
f 13//8 16//8 15//8 14//8
f 9//9 13//9 14//9 10//9
f 10//10 14//10 15//10 11//10
f 11//11 15//11 16//11 12//11
f 13//12 9//12 12//12 16//12
o Cube.003
v 79.743057 -93.074295 47.063858
v 79.737190 -1.572144 47.715149
v 79.553413 -0.568527 -93.289772
v 79.559280 -92.070686 -93.941032
v 76.104362 -93.074539 47.068634
v 76.098495 -1.572384 47.719849
v 75.914719 -0.568802 -93.285042
v 75.920586 -92.070938 -93.936302
vn 1.0000 0.0001 -0.0013
vn -1.0000 -0.0001 0.0013
vn 0.0013 -0.0071 1.0000
vn -0.0001 1.0000 0.0071
vn -0.0013 0.0071 -1.0000
vn 0.0001 -1.0000 -0.0071
usemtl Material.003
s 1
f 17//13 20//13 19//13 18//13
f 21//14 22//14 23//14 24//14
f 17//15 18//15 22//15 21//15
f 18//16 19//16 23//16 22//16
f 19//17 20//17 24//17 23//17
f 21//18 24//18 20//18 17//18
o Cube.001_Cube.009
v -85.562012 -3.028458 -96.049477
v -85.127518 -92.791931 -94.392014
v 79.369278 -91.992065 -94.195709
v 78.934753 -2.228577 -95.853165
v -85.566727 -2.961319 -92.411377
v -85.132141 -92.724808 -90.753922
v 79.364639 -91.924904 -90.557610
v 78.930099 -2.161438 -92.215073
vn -0.0013 0.0185 0.9998
vn 0.0013 -0.0185 -0.9998
vn 1.0000 0.0049 0.0012
vn -0.0048 0.9998 -0.0185
vn -1.0000 -0.0049 -0.0012
vn 0.0048 -0.9998 0.0185
usemtl Material.009
s 1
f 25//19 26//19 27//19 28//19
f 29//20 32//20 31//20 30//20
f 25//21 29//21 30//21 26//21
f 26//22 30//22 31//22 27//22
f 27//23 31//23 32//23 28//23
f 29//24 25//24 28//24 32//24
o Cube.004_Cube.010
v -86.145744 -93.074310 -93.272804
v -86.143623 -1.572159 -93.924141
v -85.148758 -0.568512 47.077316
v -85.150879 -92.070671 47.728622
v -82.507141 -93.074554 -93.298500
v -82.505020 -1.572399 -93.949760
v -81.510155 -0.568787 47.051666
v -81.512276 -92.070923 47.702972
vn -1.0000 0.0001 0.0071
vn 1.0000 -0.0001 -0.0071
vn -0.0071 -0.0071 -0.9999
vn 0.0000 1.0000 -0.0071
vn 0.0071 0.0071 0.9999
vn -0.0000 -1.0000 0.0071
usemtl Material.010
s 1
f 33//25 36//25 35//25 34//25
f 37//26 38//26 39//26 40//26
f 33//27 34//27 38//27 37//27
f 34//28 35//28 39//28 38//28
f 35//29 36//29 40//29 39//29
f 37//30 40//30 36//30 33//30
